50.746642293923884
96.03478266539759
40.28421371344889
67.45596333348257
28.02417519027799
55.14639783633876
22.453876738808887
72.11019924979199
81.61212877388938
8.522777642014855
76.67029735792477
66.45818417535166
44.39760492577732
51.29399761658653
26.714000497101008
6.488579358386637
49.44221053965474
91.91047613084645
89.47315632047146
70.8938400678621
63.80047916268956
24.982206174744416
72.3485586319818
59.201610387358286
54.406323752853645
33.820453907014404
25.210297829003757
12.03388960543913
11.32106994936274
33.17348341441756
57.61917315821115
40.2707949929388
15.5887386572102
91.60153814551694
89.52644965053432
46.57719289614026
58.64624307107924
40.17455218959979
99.40078111558631
98.21006893748095
56.808361233999314
85.40304672642924
19.349435148669624
35.57811901493309
22.615946243469086
9.944964038909898
91.75222461450586
48.67835302205741
45.69024501547979
37.24858022724026
53.95599555967222
70.87343076263598
51.87702203736423
80.11153718118649
55.38142632460581
47.56449516357342
34.69320977968062
57.56070991845409
19.39862325200876
50.79193611454929
75.4361146049472
78.55026727155284
10.850550329346342
76.59808414575575
84.58669463990702
84.26168580347536
0.08407299570378779
23.986438724717097
70.15601922328429
16.630891749264432
54.24595177355395
11.589476574060075
4.751264179947457
19.085673865762132
73.07492623039991
55.03340159326273
2.0045047834400864
5.554606950717678
85.29186770652018
97.72315900437488
16.310312067582554
42.27916190771007
32.33746064214111
55.11062466351898
60.12423047754839
45.03987930892275
96.41895200196713
33.0962165696331
83.36966217372425
2.301327665028041
11.870050319082937
46.75133058520882
2.4909153910154913
90.29254339850138
32.127541295175
44.83536803524021
70.65351423807125
71.651650491872
67.75431936940728
15.283695616079662
